ContaCorrente;26423850678;3789.50;1;0.10;
ContaCorrente;58321704965;4231.75;2;1;0.10;
ContaCorrente;95082137604;4678.90;1;1;0.10;
ContaCorrente;71640539812;3490.20;3;1;0.10;
ContaCorrente;83169052704;4123.60;2;1;0.10;
ContaPoupanca;49718235096;4825.40;2;2;0,35;
ContaPoupanca;10958743265;3345.80;1;2;0,35;
ContaPoupanca;80234691578;3765.25;3;2;0,35;
ContaPoupanca;61742598306;4198.10;3;2;0,35;
ContaPoupanca;39581670243;4967.30;1;2;0,35;
Gerente;12345678901;1234;2;1;
Gerente;98765432101;5678;2;2;
Gerente;45678912301;9012;2;2;
Gerente;78912345601;3456;2;3;
Diretor;23456789012;6789;3;
Diretor;34567890123;9012;3;
Presidente;45678901234;2345;4;